[gd_scene load_steps=4 format=3 uid="uid://cg0bxe4axijq0"]

[ext_resource type="Script" path="res://player/ai/steering_drivers/shooter_ai_driver.gd" id="1_77s1s"]
[ext_resource type="PackedScene" uid="uid://iu7bk3c27w76" path="res://player/ai/steering_behaviors/priority_steering/shooter_ai_steering_ps.tscn" id="2_xfol4"]
[ext_resource type="PackedScene" uid="uid://jtjrn4ywi2aw" path="res://player/ai/models/shooting_area.tscn" id="3_ksseq"]

[node name="ShooterAIDriver" type="Node3D"]
script = ExtResource("1_77s1s")
shooting_area_radius = 30.0

[node name="ShooterAIPrioritySteering" parent="." instance=ExtResource("2_xfol4")]
behaviors_file = "res://player/ai/config_data/shooter_ai_behaviors.json"
behavior_groups_file = "res://player/ai/config_data/shooter_ai_behavior_groups.json"
max_rotation = 5.0

[node name="ShooterAI" parent="ShooterAIPrioritySteering" index="0"]
aim_max_yaw_angle = 80.0

[node name="RotationHelper" parent="ShooterAIPrioritySteering/ShooterAI" index="0"]
rotating_max_yaw_angle = 80.0

[node name="GrenadeTossPosition" parent="ShooterAIPrioritySteering/ShooterAI/RotationHelper" index="3"]
transform = Transform3D(1, 0, 0, 0, 0.981627, 0.190809, 0, -0.190809, 0.981627, 0, 0.8, 1.3)

[node name="TargetRight" parent="ShooterAIPrioritySteering/ShooterAI/RotationHelper/AimingTargets" index="0"]
transform = Transform3D(0.0237424, 0.0838332, 0.996194, 0.9323, 0.357873, -0.0523358, -0.3609, 0.929996, -0.0696612, -0.14, -0.15, 0.231)

[node name="TargetLeft" parent="ShooterAIPrioritySteering/ShooterAI/RotationHelper/AimingTargets" index="2"]
transform = Transform3D(-0.344503, -0.938691, 0.0130277, -0.920473, 0.335023, -0.201206, 0.184506, -0.0813075, -0.979461, -0.054, -0.1, 0.373)

[node name="ShootingArea" parent="." instance=ExtResource("3_ksseq")]
transform = Transform3D(1, 0, 0, 0, 1, 0, 0, 0, 1, 0, 0, 13)

[editable path="ShooterAIPrioritySteering"]
[editable path="ShooterAIPrioritySteering/ShooterAI"]
[editable path="ShooterAIPrioritySteering/ShooterAI/RotationHelper/AnimatedModel"]
